  [38;2;28;23;25m.                                                                      [38;2;28;23;25m.[0m
                                                                          [0m
                                                                          [0m
                                 [38;2;50;50;50m/[38;2;45;45;45m.  [38;2;151;1;1m.  [38;2;49;49;49m.[38;2;46;46;46m.                                [0m
                                 [38;2;198;198;198m/[38;2;142;142;142m|  [38;2;212;0;1m.[38;2;200;0;1m. [38;2;151;153;153m|[38;2;180;180;180m|                                [0m
                      [38;2;117;1;1m.   [38;2;193;193;193m\   [38;2;188;0;1m. [38;2;32;37;38m|[38;2;252;252;252mo[38;2;226;227;227m*[38;2;85;75;75m|[38;2;182;0;0m.[38;2;244;0;0m:[38;2;238;0;0m:[38;2;101;61;61m-[38;2;224;230;230mo[38;2;234;234;234mo  [38;2;223;0;1m:   [38;2;198;198;198m/   [38;2;113;0;1m.                     [0m
                  [38;2;44;44;44m.[38;2;51;51;51m\  [38;2;218;0;0m:[38;2;184;0;0m.  [38;2;255;255;255mo[38;2;150;150;150m\  [38;2;202;0;0m.[38;2;201;0;0m.[38;2;130;77;79m|[38;2;254;255;255mo[38;2;250;252;252mo[38;2;183;118;118m|[38;2;238;0;0m:[38;2;244;0;0m:[38;2;244;0;0m:[38;2;139;16;16m.[38;2;209;199;199m\[38;2;243;252;252mo[38;2;99;37;37m|[38;2;206;0;0m.[38;2;237;0;0m:  [38;2;149;149;149m/[38;2;255;255;255mo  [38;2;190;1;1m.[38;2;210;0;0m.  [38;2;73;73;73m/                  [0m
                  [38;2;116;116;116m|[38;2;210;210;210m\  [38;2;180;0;0m.[38;2;255;0;0m:[38;2;117;0;0m. [38;2;226;227;226mo[38;2;252;252;252mo[38;2;205;206;206m\[38;2;47;43;43m\[38;2;178;0;0m.[38;2;222;1;1m:[38;2;192;177;177m|[38;2;255;255;255mo[38;2;194;173;173m|[38;2;159;10;10m.[38;2;241;0;0m:[38;2;231;0;0m:[38;2;239;0;0m:[38;2;209;0;0m:[38;2;207;184;184m|[38;2;253;255;255mo[38;2;177;138;137m|[38;2;233;0;0m:[38;2;217;0;0m:[38;2;69;32;32m/[38;2;209;212;212m/[38;2;253;253;253mo[38;2;231;230;231mo [38;2;120;0;0m.[38;2;255;0;0m:[38;2;173;0;0m.  [38;2;231;231;231mo[38;2;92;92;92m|                 [0m
               [38;2;105;1;1m.  [38;2;108;110;110m|[38;2;255;255;255mo[38;2;166;168;168m\[38;2;123;110;110m|[38;2;153;0;0m.[38;2;245;0;0m:[38;2;232;0;0m:[38;2;134;41;42m:[38;2;212;218;218m*[38;2;253;253;253mo[38;2;255;255;255mo[38;2;181;134;135m|[38;2;212;0;0m:[38;2;189;0;0m.[38;2;195;155;154m|[38;2;255;255;255mo[38;2;162;121;121m|[38;2;219;0;0m:[38;2;237;0;0m:[38;2;166;0;0m.[38;2;227;0;0m:[38;2;199;10;10m.[38;2;184;181;181m|[38;2;251;254;254mo[38;2;184;125;125m|[38;2;193;0;0m.[38;2;233;0;0m:[38;2;177;83;83m|[38;2;255;255;255mo[38;2;253;253;253mo[38;2;217;224;224m*[38;2;131;49;49m:[38;2;232;0;0m:[38;2;245;0;0m:[38;2;149;0;0m.[38;2;129;119;119m|[38;2;187;189;189m/[38;2;255;255;255mo[38;2;83;83;83m| [38;2;151;0;1m.               [0m
                [38;2;227;0;1m: [38;2;100;71;72m|[38;2;247;251;251mo[38;2;255;255;255mo[38;2;236;234;234mo[38;2;186;42;42m:[38;2;236;0;0m:[38;2;234;0;0m:[38;2;202;20;20m:[38;2;218;208;209m*[38;2;236;238;238mo[38;2;209;211;210m\[38;2;220;212;213m\[38;2;200;9;9m.[38;2;144;0;0m.[38;2;120;96;96m|[38;2;254;255;255mo[38;2;121;94;93m|[38;2;209;0;0m:[38;2;236;0;0m: [38;2;211;0;0m:[38;2;182;7;7m.[38;2;107;72;73m|[38;2;244;249;249mo[38;2;114;92;92m|[38;2;160;0;0m.[38;2;212;0;0m:[38;2;195;167;167m/[38;2;215;218;218m*[38;2;231;233;233mo[38;2;219;209;209m/[38;2;202;21;21m:[38;2;232;0;0m:[38;2;235;0;0m:[38;2;185;46;46m:[38;2;238;237;237mo[38;2;255;255;255mo[38;2;237;244;244mo[38;2;92;51;51m|[38;2;130;0;0m.[38;2;236;0;1m:               [0m
            [38;2;44;44;44m.[38;2;41;41;41m.  [38;2;218;0;0m:[38;2;230;0;0m:[38;2;179;41;42m:[38;2;225;231;231mo[38;2;255;255;255mo[38;2;253;254;254mo[38;2;173;157;157m\[38;2;172;0;0m.[38;2;181;0;0m.[38;2;198;0;0m.[38;2;157;56;57m\[38;2;239;247;247mo[38;2;153;154;153m\[38;2;176;181;181m\[38;2;165;20;21m.[38;2;183;0;0m.[38;2;95;92;92m\[38;2;255;255;255mo[38;2;131;123;123m|[38;2;163;0;0m.[38;2;231;0;0m: [38;2;191;0;0m.[38;2;202;0;0m:[38;2;101;74;75m|[38;2;253;255;255mo[38;2;96;81;81m/[38;2;201;0;0m.[38;2;188;3;3m.[38;2;153;145;145m/[38;2;149;151;151m/[38;2;238;248;248mo[38;2;155;59;59m/[38;2;193;0;0m.[38;2;178;0;0m.[38;2;169;0;0m.[38;2;178;164;164m/[38;2;253;254;254mo[38;2;255;255;255mo[38;2;211;207;207m*[38;2;188;25;25m:[38;2;242;0;0m:[38;2;178;0;0m.   [38;2;125;125;125m/           [0m
            [38;2;98;98;98m|[38;2;201;201;201m\[38;2;79;83;84m/[38;2;140;61;62m\[38;2;194;0;0m.[38;2;238;0;0m:[38;2;225;0;0m:[38;2;186;63;63m:[38;2;228;226;226mo[38;2;221;222;222m*[38;2;177;179;179m\[38;2;172;64;64m:[38;2;218;0;0m:[38;2;122;0;0m.[38;2;135;12;12m.[38;2;221;201;202m\[38;2;228;229;229mo[38;2;83;90;90m\[38;2;161;76;76m\[38;2;197;0;0m. [38;2;180;185;185m\[38;2;121;107;107m|[38;2;162;0;0m.[38;2;167;0;0m.  [38;2;136;0;0m.[38;2;69;68;68m|[38;2;149;155;155m/ [38;2;212;0;0m.[38;2;166;53;53m:[38;2;79;85;85m/[38;2;219;221;221mo[38;2;223;203;203m/[38;2;131;13;14m.[38;2;122;0;0m.[38;2;219;0;0m:[38;2;165;62;62m:[38;2;172;175;175m/[38;2;235;236;236mo[38;2;214;206;206m/[38;2;186;37;37m:[38;2;226;0;0m:[38;2;235;0;0m:[38;2;173;0;0m.[38;2;109;71;72m/[38;2;162;166;166m/[38;2;179;178;178m/[38;2;186;186;186m|           [0m
             [38;2;231;233;233mo[38;2;246;247;247mo[38;2;239;239;239mo[38;2;185;78;79m\[38;2;224;0;0m:[38;2;204;0;1m.[38;2;147;0;0m.[38;2;144;119;119m\[38;2;255;255;255mo[38;2;188;190;190m\[38;2;126;129;129m\[38;2;178;77;77m\[38;2;190;2;2m. [38;2;84;39;39m.[38;2;215;217;217m\[38;2;72;73;73m\ [38;2;122;1;1m. [38;2;197;202;202m|[38;2;106;109;109m|[38;2;105;0;0m.[38;2;144;4;3m.  [38;2;130;0;0m.[38;2;81;63;63m|[38;2;191;199;199m| [38;2;158;0;1m. [38;2;58;60;61m/[38;2;210;213;213m/[38;2;77;39;39m. [38;2;192;3;3m.[38;2;165;68;68m-[38;2;116;120;120m/[38;2;211;212;212m*[38;2;254;255;255mo[38;2;123;90;90m/[38;2;151;0;0m.[38;2;214;0;0m.[38;2;200;10;10m:[38;2;177;131;132m/[38;2;245;250;250mo[38;2;255;255;255mo[38;2;253;254;254mo[38;2;67;75;75m/           [0m
           [38;2;136;0;0m. [38;2;165;157;156m\[38;2;255;255;255mo[38;2;255;255;255mo[38;2;236;244;244mo[38;2;133;46;47m\[38;2;213;0;0m.[38;2;198;0;0m. [38;2;129;123;124m\[38;2;242;241;241mo[38;2;152;154;154m\[38;2;32;39;39m\ [38;2;112;2;2m. [38;2;140;143;143m\[38;2;223;223;223m\ [38;2;93;0;0m.[38;2;100;1;1m.[38;2;158;161;161m\[38;2;203;209;210m| [38;2;92;7;7m.   [38;2;159;162;162m/[38;2;171;171;173m/[38;2;117;1;1m.[38;2;118;1;1m. [38;2;214;215;214m/[38;2;145;148;148m/ [38;2;114;2;2m. [38;2;27;34;34m/[38;2;188;189;189m/[38;2;224;227;226mo[38;2;98;91;91m/[38;2;116;4;4m.[38;2;218;0;0m:[38;2;181;0;0m.[38;2;147;115;116m/[38;2;254;255;255mo[38;2;255;255;255mo[38;2;255;255;255mo[38;2;213;206;206m/[38;2;85;25;25m.[38;2;114;0;0m.          [0m
           [38;2;118;0;0m.[38;2;224;0;0m.[38;2;205;32;32m:[38;2;206;158;158m\[38;2;246;248;248mo[38;2;236;237;237mo[38;2;167;160;160m\[38;2;150;44;44m:[38;2;205;2;2m.[38;2;208;0;0m. [38;2;93;99;99m\[38;2;247;250;250mo[38;2;138;140;140m\ [38;2;111;0;0m.[38;2;100;2;1m. [38;2;198;200;200m\[38;2;180;185;186m\   [38;2;73;60;53m-    [38;2;70;24;0m.[38;2;52;47;43m-[38;2;51;28;21m.  [38;2;174;179;180m/[38;2;197;198;198m/ [38;2;105;3;2m.[38;2;107;0;0m. [38;2;168;171;171m/[38;2;242;247;246mo[38;2;69;71;71m/[38;2;96;0;0m.[38;2;218;1;1m.[38;2;195;32;32m:[38;2;166;113;113m-[38;2;189;191;191m/[38;2;213;214;214m-[38;2;230;228;228mo[38;2;202;138;139m/[38;2;205;26;26m:[38;2;226;0;0m.[38;2;159;0;0m.          [0m
          [38;2;90;92;92m\ [38;2;193;0;0m.[38;2;237;0;0m:[38;2;199;0;0m.[38;2;160;51;52m:[38;2;178;181;181m-[38;2;239;244;244mo[38;2;180;187;187m-[38;2;98;75;75m\[38;2;115;0;0m.[38;2;156;0;0m.[38;2;107;12;11m.[38;2;145;124;124m\[38;2;231;235;235mo[38;2;206;211;211m\[38;2;66;65;65m\[38;2;84;36;35m.[38;2;73;15;14m. [38;2;83;55;46m- [38;2;112;27;0m.[38;2;106;23;0m.[38;2;164;35;0m:[38;2;140;34;0m.[38;2;155;36;1m:[38;2;93;21;1m.[38;2;109;27;0m.[38;2;172;43;0m:[38;2;151;32;0m:[38;2;121;27;0m.[38;2;102;24;0m. [38;2;82;62;56m- [38;2;81;20;19m.[38;2;68;24;23m.[38;2;91;91;91m/[38;2;221;227;227m/[38;2;216;217;217m-[38;2;136;95;94m/[38;2;131;4;4m.[38;2;160;0;0m. [38;2;106;109;109m/[38;2;176;184;184m-[38;2;230;234;234mo[38;2;193;191;191m-[38;2;149;40;41m:[38;2;220;0;0m:[38;2;237;0;0m:[38;2;219;0;0m: [38;2;54;58;58m/[38;2;33;33;33m.        [0m   [38;2;214;56;52m██╗  ██╗██╗   ██╗██████╗  █████╗ ██╗  ██╗ █████╗ [0m
          [38;2;90;90;90m\[38;2;200;200;201m\[38;2;188;147;148m-[38;2;201;76;76m-[38;2;197;18;18m:[38;2;174;0;0m.[38;2;124;25;25m.[38;2;164;139;139m-[38;2;219;224;224mo[38;2;232;239;239mo[38;2;146;128;128m-[38;2;127;49;48m:[38;2;124;8;7m.[38;2;101;0;0m.[38;2;80;20;19m.[38;2;118;106;106m-[38;2;175;172;172m\[38;2;67;72;72m- [38;2;85;5;0m.[38;2;135;9;0m.[38;2;178;18;0m:[38;2;191;21;0m:[38;2;195;20;0m:[38;2;199;19;0m:[38;2;156;14;0m.[38;2;96;1;0m.[38;2;132;2;0m.[38;2;103;2;0m.[38;2;173;15;0m:[38;2;199;19;0m:[38;2;194;20;0m:[38;2;192;21;0m:[38;2;178;18;0m:[38;2;108;5;0m. [38;2;21;23;23m.[38;2;98;106;106m/[38;2;167;161;161m-[38;2;102;78;78m-[38;2;90;7;7m.[38;2;107;0;0m.[38;2;110;8;7m.[38;2;98;48;47m-[38;2;116;114;113m-[38;2;201;206;205m-[38;2;195;190;190m-[38;2;145;107;107m-[38;2;137;23;23m.[38;2;176;0;0m.[38;2;198;9;9m.[38;2;201;58;58m:[38;2;197;134;135m-[38;2;180;177;177m/[38;2;158;159;159m/         [0m   [38;2;214;56;52m██║ ██╔╝██║   ██║██╔══██╗██╔══██╗██║ ██╔╝██╔══██╗[0m
           [38;2;64;68;68m\[38;2;218;227;227m*[38;2;255;255;255mo[38;2;240;237;237mo[38;2;168;123;123m\[38;2;147;5;6m.[38;2;166;0;0m.[38;2;126;2;2m.[38;2;138;118;118m-[38;2;247;253;254mo[38;2;251;255;255mo[38;2;219;216;216m-[38;2;174;152;152m-[38;2;125;81;80m-  [38;2;103;0;0m.[38;2;116;0;0m.[38;2;160;1;0m.[38;2;196;0;0m.[38;2;188;0;0m.[38;2;181;0;0m.[38;2;176;7;6m.[38;2;173;17;16m.[38;2;161;27;27m.[38;2;142;34;34m.[38;2;157;38;36m:[38;2;149;35;36m.[38;2;165;30;29m.[38;2;172;19;19m.[38;2;175;8;7m.[38;2;181;0;0m.[38;2;188;0;0m.[38;2;195;0;0m.[38;2;133;1;0m.   [38;2;78;39;38m.[38;2;103;77;77m-[38;2;152;148;148m-[38;2;204;214;214m-[38;2;241;253;253mo[38;2;250;252;252mo[38;2;175;151;151m/[38;2;114;0;0m.[38;2;164;0;0m.[38;2;159;0;0m.[38;2;149;85;85m/[38;2;231;220;220mo[38;2;255;255;255mo[38;2;249;255;255mo[38;2;141;146;146m/          [0m   [38;2;214;56;52m█████╔╝ ██║   ██║██████╔╝███████║█████╔╝ ███████║[0m
            [38;2;86;51;51m-[38;2;123;121;121m-[38;2;190;173;173m-[38;2;205;198;197m-[38;2;169;176;176m-[38;2;158;141;141m-[38;2;137;91;91m-[38;2;92;44;45m-[38;2;133;78;78m-[38;2;170;125;124m-[38;2;188;159;158m-[38;2;200;178;178m-[38;2;196;181;181m-[38;2;168;157;158m-[38;2;65;69;69m\ [38;2;240;45;40mO[38;2;240;45;40mO[38;2;240;45;40mO[38;2;240;45;40mO[38;2;169;138;138m-[38;2;177;165;166m+[38;2;194;192;192m*[38;2;200;201;201m*[38;2;201;202;202m*[38;2;200;203;203m*[38;2;201;202;202m*[38;2;199;201;202m*[38;2;197;195;196m*[38;2;180;170;171m+[38;2;167;139;139m-[38;2;240;45;40mO[38;2;240;45;40mO[38;2;240;45;40mO[38;2;240;45;40mO[38;2;240;45;40mO [38;2;240;45;40mO[38;2;179;105;105m-[38;2;187;106;106m-[38;2;183;89;89m-[38;2;174;63;62m-[38;2;160;33;33m.[38;2;112;23;24m.[38;2;140;78;78m-[38;2;168;133;133m-[38;2;181;181;181m-[38;2;218;221;221m-[38;2;219;213;213m-[38;2;170;171;171m-[38;2;133;103;103m-[38;2;54;16;16m.          [0m   [38;2;214;56;52m██╔═██╗ ██║   ██║██╔══██╗██╔══██║██╔═██╗ ██╔══██║[0m
            [38;2;124;0;0m.[38;2;154;0;0m.[38;2;189;0;0m.[38;2;202;3;3m.[38;2;146;48;48m.[38;2;171;119;119m-[38;2;184;152;152m-[38;2;157;126;126m-[38;2;106;74;74m-[38;2;138;108;106m-[38;2;154;124;123m-[38;2;151;123;123m-[38;2;146;118;118m-[38;2;240;45;40mO[38;2;240;45;40mO[38;2;240;45;40mO[38;2;75;22;25m.[38;2;240;45;40mO[38;2;99;82;83m-[38;2;105;108;108m-[38;2;109;113;113m-[38;2;109;110;110m-[38;2;123;127;127m-[38;2;178;179;179m+[38;2;207;207;207m*[38;2;207;207;207m*[38;2;208;208;208m*[38;2;189;189;189m*[38;2;137;139;139m-[38;2;110;111;111m-[38;2;110;109;109m-[38;2;101;107;107m-[38;2;91;83;83m-[38;2;240;45;40mO[38;2;240;45;40mO[38;2;240;45;40mO[38;2;240;45;40mO[38;2;161;108;108m-[38;2;169;127;127m-[38;2;179;128;128m-[38;2;184;125;124m-[38;2;181;123;123m-[38;2;149;104;104m-[38;2;169;145;146m/[38;2;199;183;184m-[38;2;194;166;166m-[38;2;154;95;95m-[38;2;187;25;25m.[38;2;192;4;4m.[38;2;157;0;0m.[38;2;129;0;0m.           [0m   [38;2;214;56;52m██║  ██╗╚██████╔╝██║  ██║██║  ██║██║  ██╗██║  ██║[0m
              [38;2;112;0;1m.[38;2;180;0;0m.[38;2;192;0;0m.[38;2;178;0;0m.[38;2;161;0;0m.[38;2;155;0;0m.[38;2;123;9;9m.[38;2;134;55;55m-[38;2;152;60;61m-[38;2;173;37;37m.[38;2;189;8;8m.[38;2;240;45;40mO[38;2;209;142;142m/[38;2;157;157;157m/ [38;2;101;81;82m\[38;2;240;45;40mO[38;2;240;45;40mO[38;2;240;45;40mO[38;2;240;45;40mO[38;2;240;45;40mO[38;2;108;107;107m-[38;2;190;191;191m*[38;2;208;208;208m*[38;2;205;205;205m*[38;2;137;140;140m/[38;2;114;84;84m-[38;2;240;45;40mO[38;2;240;45;40mO[38;2;240;45;40mO[38;2;240;45;40mO[38;2;129;89;92m| [38;2;89;88;87m\[38;2;240;45;40mO[38;2;240;45;40mO[38;2;165;15;16m.[38;2;151;52;52m:[38;2;143;84;84m-[38;2;130;89;90m-[38;2;95;37;38m.[38;2;121;2;2m.[38;2;137;0;0m.[38;2;155;0;0m.[38;2;176;0;0m.[38;2;179;0;0m.[38;2;118;0;0m.             [0m   [38;2;214;56;52m╚═╝  ╚═╝ ╚═════╝ ╚═╝  ╚═╝╚═╝  ╚═╝╚═╝  ╚═╝╚═╝  ╚═╝[0m
                     [38;2;95;43;44m.[38;2;166;138;138m\[38;2;86;26;27m.[38;2;127;82;82m/[38;2;228;228;228m/[38;2;118;122;122m/[38;2;34;33;32m.  [38;2;191;196;195m*[38;2;194;187;187m*[38;2;188;168;168m+[38;2;189;173;173m+[38;2;194;187;186m*[38;2;185;185;184m*[38;2;197;197;197m+[38;2;209;209;209m*[38;2;206;206;206m*[38;2;189;189;189m+[38;2;196;192;192m*[38;2;193;183;183m*[38;2;188;172;173m+[38;2;191;179;178m*[38;2;200;202;202m*[38;2;61;61;59m.  [38;2;69;74;73m\[38;2;202;199;198m\[38;2;143;105;105m\[38;2;66;25;25m.[38;2;147;122;122m-[38;2;124;87;87m\                    [0m
                    [38;2;69;77;77m/[38;2;218;223;223mo[38;2;192;195;195m/[38;2;198;204;204m/[38;2;216;223;222m/[38;2;131;126;125m/[38;2;47;13;12m. [38;2;59;21;19m. [38;2;168;168;167m+[38;2;214;216;216m*[38;2;209;211;211m*[38;2;210;212;212m*[38;2;211;212;212m*[38;2;188;188;188m*[38;2;177;177;177m+[38;2;194;194;194m*[38;2;191;191;191m*[38;2;166;166;166m+[38;2;185;185;185m*[38;2;210;211;211m*[38;2;212;214;214m*[38;2;214;216;216m*[38;2;187;188;189m* [38;2;66;24;21m.  [38;2;95;80;80m\[38;2;174;181;181m\[38;2;217;221;221mo[38;2;174;177;177m\[38;2;243;247;247mo[38;2;129;134;134m\                   [0m
                    [38;2;206;206;206m|[38;2;255;255;255mo[38;2;242;242;242mo[38;2;212;214;214m/[38;2;59;43;43m/[38;2;91;13;12m.[38;2;84;19;17m. [38;2;81;18;17m.[38;2;67;12;12m.[38;2;123;115;115m|[38;2;195;196;196m*[38;2;199;199;199m*[38;2;187;187;187m+[38;2;186;186;186m+[38;2;132;132;132m-[38;2;119;119;119m-[38;2;127;127;127m-[38;2;140;140;140m-[38;2;109;109;109m-[38;2;128;128;128m-[38;2;167;167;167m-[38;2;168;168;168m+[38;2;182;182;182m+[38;2;148;146;146m|[38;2;67;18;17m.[38;2;95;22;20m.  [38;2;100;19;16m. [38;2;157;160;160m\[38;2;238;238;238mo[38;2;255;255;255mo[38;2;248;248;248mo                   [0m
                    [38;2;234;234;234mo[38;2;244;244;244mo[38;2;105;105;105m/ [38;2;87;8;7m.[38;2;179;29;27m:[38;2;100;16;15m. [38;2;109;18;16m. [38;2;119;121;121m|[38;2;182;182;182m/[38;2;149;149;149m/[38;2;218;218;218m*[38;2;238;238;238mo[38;2;227;227;227mo[38;2;200;200;200m-[38;2;173;173;173m-[38;2;168;168;168m-[38;2;190;190;190m-[38;2;219;219;219m*[38;2;248;248;248mo[38;2;218;218;218mo[38;2;143;143;143m\[38;2;154;155;155m| [38;2;134;21;20m.  [38;2;172;29;26m:[38;2;105;15;13m. [38;2;62;62;62m\[38;2;204;204;204m\[38;2;255;255;255mo[38;2;57;57;57m|                  [0m
                    [38;2;205;205;205m|[38;2;81;81;81m/  [38;2;176;22;21m:[38;2;223;26;26m:[38;2;103;12;12m. [38;2;132;17;16m.[38;2;132;26;25m.[38;2;177;183;183m|[38;2;185;186;186m/[38;2;247;247;247mo[38;2;255;255;255mo[38;2;213;213;213m-[38;2;198;198;198m+[38;2;201;201;201m-[38;2;207;207;207m-[38;2;219;219;219mo[38;2;227;227;227mo[38;2;232;232;232mo[38;2;254;254;254mo[38;2;255;255;255mo[38;2;216;216;216m*[38;2;163;169;169m|[38;2;130;56;56m\[38;2;179;21;20m:  [38;2;209;26;25m:[38;2;196;25;24m:   [38;2;191;191;191m\                   [0m
                         [38;2;115;32;30m.[38;2;100;37;34m.[38;2;80;39;36m.[38;2;124;60;57m:[38;2;160;102;101m-[38;2;186;178;178m+[38;2;246;247;247mo[38;2;255;255;255mo[38;2;255;255;255mo[38;2;255;255;255mo[38;2;255;255;255mo[38;2;251;251;252mo[38;2;255;255;255mo[38;2;255;255;255mo[38;2;255;255;255mo[38;2;255;255;255mo[38;2;233;233;233mo[38;2;230;230;230mo[38;2;249;249;249mo[38;2;167;161;162m\[38;2;167;111;111m=[38;2;142;62;62m:[38;2;85;33;33m.[38;2;78;22;22m.[38;2;107;19;19m.                        [0m
                      [38;2;106;105;100m-[38;2;164;164;158m-[38;2;137;133;129m-[38;2;141;118;113m-[38;2;149;113;105m-[38;2;145;108;98m-[38;2;126;99;87m-[38;2;147;132;122m=[38;2;213;209;208m*[38;2;255;255;255mo[38;2;255;255;255mo[38;2;255;255;255mo[38;2;255;255;255mo[38;2;248;248;248mo[38;2;234;234;232mo[38;2;244;244;244mo[38;2;201;201;201m/[38;2;249;249;249mo[38;2;255;255;255mo[38;2;241;242;241mo[38;2;189;189;189m|[38;2;255;255;255mo[38;2;226;221;221m*[38;2;175;145;144m=[38;2;158;108;107m-[38;2;138;78;75m:[38;2;111;56;54m:[38;2;78;41;40m.[38;2;52;43;42m.[38;2;45;46;45m.                      [0m
                      [38;2;88;87;86m\[38;2;204;203;198m*[38;2;219;213;205m*[38;2;211;201;190m*[38;2;216;205;193m*[38;2;208;191;180m*[38;2;195;176;164m+[38;2;218;202;193m*[38;2;255;252;250mo[38;2;255;255;255mo[38;2;255;255;255mo[38;2;255;255;255mo[38;2;250;250;250mo[38;2;206;205;206m*[38;2;208;206;205m*[38;2;218;217;215m*[38;2;224;224;224m*[38;2;255;255;255mo[38;2;230;230;229mo[38;2;171;171;171m+[38;2;209;209;209m*[38;2;248;248;248mo[38;2;226;217;216mo[38;2;199;168;166m+[38;2;172;126;122m=[38;2;147;96;91m-[38;2;116;72;68m:[38;2;76;51;49m.[38;2;42;36;35m.[38;2;39;36;35m.                      [0m
                       [38;2;61;60;57m|[38;2;185;181;169m+[38;2;204;200;184m*[38;2;212;208;194m*[38;2;221;213;200m*[38;2;209;191;180m*[38;2;213;193;184m*[38;2;239;225;220mo[38;2;255;255;255mo[38;2;255;255;255mo[38;2;248;247;245mo[38;2;192;191;191m+[38;2;180;179;177m+[38;2;201;196;192m*[38;2;222;216;211m*[38;2;240;235;232mo[38;2;225;220;217m*[38;2;193;189;187m+[38;2;131;129;130m-[38;2;168;168;168m+[38;2;195;195;194m+[38;2;172;166;166m-[38;2;178;154;149m=[38;2;160;124;118m=[38;2;146;108;101m-[38;2;122;89;83m-[38;2;96;73;68m:[38;2;72;59;56m.[38;2;44;38;37m.                      [0m
                      [38;2;40;39;36m.[38;2;112;98;85m/[38;2;97;83;61m:[38;2;151;147;129m=[38;2;182;176;163m+[38;2;139;121;109m-[38;2;123;99;88m-[38;2;124;99;85m-[38;2;128;104;91m-[38;2;192;187;179m/[38;2;163;150;141m-[38;2;142;123;112m-[38;2;225;223;217mo[38;2;157;145;137m|[38;2;175;166;155m+[38;2;165;154;142m=[38;2;148;133;122m=[38;2;183;173;164m+[38;2;155;139;132m=[38;2;221;219;213mo[38;2;149;139;128m=[38;2;192;188;178m/[38;2;177;161;153m-[38;2;124;98;87m-[38;2;156;134;123m=[38;2;115;90;78m:[38;2;118;109;103m-[38;2;116;104;95m-[38;2;75;54;48m.[38;2;72;64;61m:                      [0m
                      [38;2;72;70;63m\[38;2;69;58;48m:[38;2;68;62;54m-[38;2;36;36;34m. [38;2;67;59;51m.[38;2;45;34;21m.[38;2;53;41;29m.[38;2;69;60;52m\[38;2;133;131;123m-[38;2;170;164;157m-[38;2;81;74;66m\[38;2;188;187;182m\[38;2;167;160;153m|[38;2;179;176;172m-[38;2;173;171;166m\[38;2;179;175;170m-[38;2;163;161;156m|[38;2;68;62;55m|[38;2;73;72;69m/[38;2;39;33;28m.[38;2;59;56;48m-[38;2;63;57;48m- [38;2;60;56;44m. [38;2;39;39;37m.[38;2;53;52;49m\[38;2;64;58;51m\                       [0m
                               [38;2;69;69;69m\[38;2;164;164;165m-[38;2;171;171;172m\[38;2;107;107;108m\[38;2;249;250;250mo[38;2;206;206;206m-[38;2;131;131;131m-[38;2;70;71;71m-                                   [0m
                                   [38;2;46;46;46m.                                      [0m
                                                                          [0m
  [38;2;28;23;25m.                                                                      [38;2;28;23;25m.[0m
